1 1
2 10
3 15
4 1
5 14
6 8
7 6
8 15
9 7
10 17
11 8
12 7
13 8
14 22
15 2
16 25
17 19
18 24
19 25
20 7
21 8
22 11
23 1
24 2
25 2
26 14
27 24
28 15
29 10
30 23
31 25
32 17
33 8
34 23
35 16
36 23
37 9
38 24
39 9
40 19
41 9
42 9
43 3
44 7
45 4
46 3
47 13
48 18
49 20
50 9
51 21
52 4
53 9
54 10
55 18
56 1
57 9
58 21
59 3
60 23
61 3
62 4
63 25
64 9
65 24
66 15
67 24
68 25
69 22
70 25
71 22
72 25
73 22
74 20
75 2
76 13
77 18
78 18
79 16
80 19
81 9
82 5
83 3
84 23
85 14
86 11
87 23
88 3
89 6
90 1
91 22
92 3
93 23
94 2
95 17
96 6
97 11
98 25
99 24
100 21
101 5
102 4
103 1
104 24
105 11
106 25
107 1
108 1
109 14
110 17
111 2
112 8
113 2
114 21
115 12
116 7
117 15
118 2
119 14
120 3
121 18
122 5
123 19
124 15
125 13
126 5
127 13
128 4
129 24
130 11
131 17
132 10
133 1
134 23
135 18
136 10
137 16
138 4
139 25
140 24
141 9
142 12
143 16
144 5
145 1
146 23
147 3
148 21
149 2
150 25
151 22
152 1
153 13
154 11
155 1
156 3
157 3
158 22
159 15
160 17
161 12
162 10
163 5
164 22
165 21
166 8
167 9
168 17
169 19
170 16
171 9
172 20
173 11
174 13
175 18
176 12
177 5
178 4
179 19
180 10
181 5
182 2
183 16
184 10
185 23
186 19
187 10
188 14
189 8
190 4
191 17
192 11
193 12
194 20
195 21
196 14
197 4
198 24
199 11
200 2
201 23
202 10
203 5
204 25
205 18
206 1
207 10
208 7
209 6
210 10
211 9
212 5
213 17
214 1
215 2
216 8
217 3
218 11
219 15
220 13
221 3
222 13
223 9
224 6
225 2
226 1
227 19
228 14
229 7
230 1
231 7
232 20
233 22
234 11
235 25
236 24
237 6
238 23
239 2
240 6
241 7
242 7
243 21
244 10
245 11
246 10
247 6
248 2
249 19
250 20
251 6
252 24
253 8
254 1
255 8
256 1
257 8
258 22
259 8
260 24
261 12
262 17
263 9
264 7
265 6
266 24
267 4
268 25
269 3
270 5
271 12
272 25
273 4
274 8
275 7
276 14
277 21
278 8
279 18
280 15
281 11
282 24
283 6
284 1
285 10
286 20
287 20
288 5
289 24
290 15
291 13
292 16
293 21
294 17
295 9
296 8
297 16
298 8
299 20
300 2
301 7
302 21
303 13
304 2
305 18
306 2
307 17
308 19
309 1
310 9
311 18
312 23
313 14
314 2
315 16
316 10
317 9
318 3
319 2
320 8
321 21
322 4
323 11
324 9
325 11
326 5
327 11
328 5
329 14
330 9
331 1
332 6
333 7
334 21
335 9
336 2
337 4
338 18
339 6
340 16
341 15
342 3
343 4
344 5
345 21
346 20
347 2
348 24
349 10
350 5
351 14
352 8
353 18
354 7
355 17
356 7
357 3
358 15
359 15
360 11
361 9
362 17
363 22
364 19
365 19
366 3
367 5
368 25
369 3
370 19
371 25
372 10
373 3
374 20
375 10
376 23
377 10
378 3
379 6
380 7
381 19
382 9
383 7
384 12
385 25
386 20
387 13
388 1
389 7
390 16
391 23
392 20
393 5
394 3
395 14
396 19
397 1
398 19
399 21
400 21
401 7
402 10
403 23
404 6
405 19
406 16
407 20
408 10
409 5
410 12
411 15
412 22
413 10
414 25
415 17
416 1
417 6
418 5
419 11
420 20
421 15
422 15
423 20
424 11
425 8
426 18
427 24
428 16
429 20
430 24
431 20
432 12
433 2
434 11
435 8
436 3
437 20
438 8
439 8
440 6
441 3
442 15
443 6
444 7
445 17
446 7
447 14
448 11
449 14
450 17
451 23
452 12
453 12
454 17
455 4
456 9
457 21
458 4
459 5
460 8
461 4
462 10
463 5
464 7
465 21
466 18
467 18
468 5
469 11
470 21
471 16
472 16
473 12
474 10
475 15
476 4
477 25
478 8
479 2
480 7
481 4
482 3
483 24
484 3
485 2
486 21
487 11
488 11
489 11
490 21
491 24
492 25
493 15
494 20
495 19
496 19
497 10
498 8
499 13
500 12
501 2
502 4
503 25
504 22
505 15
506 16
507 6
508 11
509 14
510 10
511 16
512 1
513 4
514 15
515 18
516 7
517 12
518 22
519 25
520 9
521 21
522 5
523 23
524 15
525 17
526 9
527 12
528 16
529 14
530 7
531 17
532 22
533 12
534 18
535 7
536 21
537 6
538 22
539 1
540 14
541 21
542 10
543 4
544 2
545 2
546 4
547 13
548 24
549 11
550 8
551 22
552 2
553 23
554 11
555 13
556 24
557 5
558 3
559 14
560 3
561 21
562 2
563 11
564 3
565 19
566 22
567 3
568 13
569 9
570 4
571 23
572 11
573 24
574 6
575 7
576 25
577 22
578 13
579 12
580 13
581 2
582 1
583 10
584 6
585 12
586 20
587 16
588 11
589 23
590 4
591 2
592 24
593 16
594 8
595 8
596 25
597 5
598 8
599 22
600 8
601 10
602 16
603 20
604 4
605 10
606 8
607 22
608 13
609 12
610 6
611 1
612 3
613 9
614 18
615 7
616 12
617 13
618 19
619 23
620 3
621 14
622 22
623 13
624 3
625 3
626 19
627 21
628 14
629 16
630 7
631 18
632 14
633 19
634 1
635 12
636 9
637 3
638 12
639 5
640 17
641 1
642 21
643 21
644 3
645 11
646 9
647 11
648 4
649 1
650 4
651 9
652 6
653 19
654 13
655 5
656 7
657 23
658 6
659 23
660 1
661 3
662 6
663 18
664 8
665 4
666 7
667 10
668 12
669 6
670 1
671 25
672 13
673 2
674 24
675 22
676 24
677 3
678 20
679 24
680 17
681 25
682 22
683 6
684 17
685 14
686 11
687 4
688 5
689 6
690 1
691 5
692 24
693 19
694 7
695 4
696 20
697 16
698 6
699 22
700 24
701 3
702 12
703 24
704 3
705 17
706 13
707 4
708 25
709 23
710 3
711 12
712 2
713 9
714 22
715 5
716 13
717 16
718 20
719 22
720 22
721 2
722 23
723 14
724 5
725 5
726 8
727 14
728 15
729 11
730 24
731 8
732 25
733 9
734 15
735 14
736 17
737 12
738 9
739 2
740 3
741 7
742 15
743 7
744 13
745 13
746 13
747 5
748 16
749 13
750 5
751 21
752 8
753 16
754 15
755 14
756 19
757 5
758 1
759 18
760 4
761 25
762 5
763 8
764 19
765 22
766 9
767 24
768 20
769 21
770 16
771 24
772 3
773 4
774 4
775 21
776 5
777 11
778 24
779 4
780 22
781 9
782 12
783 2
784 16
785 24
786 9
787 7
788 25
789 4
790 20
791 15
792 15
793 25
794 10
795 25
796 8
797 22
798 6
799 9
800 3
801 12
802 9
803 4
804 22
805 9
806 6
807 18
808 11
809 6
810 4
811 1
812 15
813 10
814 16
815 15
816 9
817 7
818 23
819 20
820 4
821 2
822 8
823 1
824 9
825 2
826 21
827 18
828 6
829 17
830 13
831 11
832 10
833 3
834 25
835 23
836 22
837 4
838 12
839 23
840 10
841 14
842 11
843 3
844 9
845 22
846 20
847 10
848 4
849 17
850 12
851 15
852 4
853 2
854 15
855 24
856 23
857 16
858 17
859 13
860 4
861 17
862 4
863 5
864 18
865 16
866 20
867 6
868 8
869 18
870 8
871 11
872 5
873 17
874 7
875 7
876 19
877 8
878 15
879 12
880 10
881 7
882 6
883 25
884 16
885 13
886 6
887 12
888 18
889 11
890 21
891 4
892 5
893 19
894 8
895 25
896 13
897 9
898 24
899 24
900 10
901 13
902 6
903 5
904 21
905 2
906 20
907 5
908 18
909 3
910 23
911 20
912 17
913 7
914 10
915 13
916 6
917 10
918 12
919 25
920 25
921 10
922 13
923 4
924 12
925 1
926 23
927 6
928 7
929 14
930 22
931 2
932 22
933 25
934 11
935 11
936 3
937 2
938 14
939 19
940 24
941 4
942 18
943 1
944 13
945 11
946 18
947 10
948 11
949 17
950 8
951 7
952 10
953 17
954 13
955 16
956 22
957 18
958 7
959 16
960 11
961 10
962 3
963 13
964 25
965 15
966 23
967 14
968 12
969 12
970 24
971 14
972 20
973 23
974 21
975 19
976 9
977 11
978 23
979 1
980 15
981 14
982 21
983 21
984 9
985 1
986 12
987 18
988 17
989 17
990 21
991 18
992 8
993 1
994 19
995 18
996 14
997 12
998 19
999 8
1000 20
1001 8
1002 7
1003 12
1004 3
1005 18
1006 5
1007 14
1008 19
1009 23
1010 24
1011 19
1012 13
1013 5
1014 23
1015 2
1016 8
1017 4
1018 21
1019 14
1020 6
1021 22
1022 21
1023 25
1024 10
1025 13
1026 11
1027 12
1028 17
1029 13
1030 12
1031 22
1032 13
1033 7
1034 21
1035 14
1036 20
1037 17
1038 5
1039 2
1040 20
1041 23
1042 12
1043 4
1044 19
1045 10
1046 16
1047 19
1048 22
1049 2
1050 19
1051 4
1052 12
1053 14
1054 25
1055 12
1056 23
1057 17
1058 7
1059 9
1060 18
1061 6
1062 3
1063 14
1064 15
1065 14
1066 9
1067 20
1068 13
1069 14
1070 10
1071 9
1072 24
1073 15
1074 23
1075 16
1076 10
1077 25
1078 10
1079 24
1080 1
1081 15
1082 4
1083 8
1084 11
1085 9
1086 3
1087 16
1088 25
1089 17
1090 1
1091 5
1092 19
1093 3
1094 8
1095 4
1096 21
1097 5
1098 18
1099 1
1100 13
1101 7
1102 16
1103 11
1104 22
1105 10
1106 10
1107 2
1108 13
1109 22
1110 2
1111 13
1112 25
1113 19
1114 8
1115 17
1116 11
1117 18
1118 12
1119 25
1120 23
1121 4
1122 11
1123 6
1124 14
1125 6
1126 7
1127 14
1128 24
1129 20
1130 17
1131 20
1132 18
1133 14
1134 13
1135 9
1136 5
1137 24
1138 17
1139 1
1140 25
1141 9
1142 25
1143 24
1144 14
1145 2
1146 16
1147 12
1148 11
1149 13
1150 6
1151 14
1152 23
1153 9
1154 18
1155 25
1156 25
1157 6
1158 25
1159 19
1160 1
1161 16
1162 14
1163 14
1164 1
1165 10
1166 15
1167 15
1168 22
1169 25
1170 11
1171 6
1172 7
1173 20
1174 8
1175 21
1176 23
1177 6
1178 15
1179 23
1180 19
1181 3
1182 15
1183 14
1184 5
1185 16
1186 12
1187 1
1188 20
1189 25
1190 24
1191 20
1192 6
1193 20
1194 1
1195 12
1196 16
1197 17
1198 15
1199 18
1200 12
1201 25
1202 9
1203 17
1204 10
1205 20
1206 14
1207 4
1208 11
1209 15
1210 23
1211 5
1212 1
1213 7
1214 22
1215 2
1216 11
1217 1
1218 7
1219 3
1220 6
1221 13
1222 8
1223 1
1224 2
1225 1
1226 25
1227 10
1228 9
1229 22
1230 14
1231 9
1232 10
1233 14
1234 19
1235 10
1236 23
1237 9
1238 16
1239 5
1240 7
1241 21
1242 11
1243 3
1244 15
1245 6
1246 22
1247 14
1248 15
1249 4
1250 1
1251 22
1252 16
1253 7
1254 12
1255 18
1256 13
1257 22
1258 8
1259 23
1260 1
1261 12
1262 7
1263 11
1264 4
1265 10
1266 3
1267 25
1268 14
1269 9
1270 12
1271 17
1272 7
1273 19
1274 13
1275 15
1276 16
1277 23
1278 21
1279 8
1280 20
1281 15
1282 6
1283 5
1284 9
1285 7
1286 14
1287 11
1288 5
1289 15
1290 16
1291 19
1292 24
1293 20
1294 20
1295 20
1296 11
1297 25
1298 12
1299 21
1300 5
1301 4
1302 12
1303 5
1304 9
1305 4
1306 15
1307 14
1308 12
1309 16
1310 13
1311 2
1312 20
1313 18
1314 12
1315 15
1316 6
1317 11
1318 6
1319 13
1320 12
1321 21
1322 5
1323 9
1324 17
1325 3
1326 8
1327 13
1328 6
1329 8
1330 24
1331 23
1332 5
1333 2
1334 8
1335 15
1336 2
1337 22
1338 17
1339 24
1340 21
1341 5
1342 1
1343 23
1344 15
1345 10
1346 1
1347 7
1348 2
1349 21
1350 2
1351 4
1352 15
1353 3
1354 25
1355 23
1356 12
1357 15
1358 7
1359 21
1360 24
1361 2
1362 8
1363 3
1364 8
1365 13
1366 3
1367 3
1368 25
1369 24
1370 13
1371 16
1372 7
1373 13
1374 15
1375 3
1376 22
1377 5
1378 22
1379 1
1380 2
1381 2
1382 18
1383 12
1384 1
1385 19
1386 4
1387 13
1388 14
1389 9
1390 5
1391 21
1392 8
1393 16
1394 16
1395 22
1396 23
1397 12
1398 20
1399 17
1400 21
1401 1
1402 10
1403 8
1404 24
1405 10
1406 22
1407 3
1408 15
1409 22
1410 9
1411 7
1412 10
1413 13
1414 18
1415 9
1416 24
1417 15
1418 22
1419 25
1420 17
1421 9
1422 13
1423 11
1424 4
1425 12
1426 1
1427 16
1428 25
1429 2
1430 16
1431 1
1432 10
1433 14
1434 15
1435 18
1436 11
1437 16
1438 12
1439 10
1440 6
1441 14
1442 24
1443 3
1444 19
1445 15
1446 14
1447 3
1448 16
1449 10
1450 23
1451 6
1452 19
1453 17
1454 19
1455 20
1456 21
1457 1
1458 22
1459 25
1460 11
1461 9
1462 16
1463 2
1464 16
1465 14
1466 15
1467 4
1468 6
1469 12
1470 18
1471 13
1472 19
1473 24
1474 20
1475 10
1476 24
1477 13
1478 24
1479 6
1480 25
1481 14
1482 9
1483 14
1484 4
1485 7
1486 23
1487 17
1488 2
1489 16
1490 21
1491 7
1492 9
1493 14
1494 14
1495 16
1496 6
1497 14
1498 16
1499 14
1500 15
1501 1
1502 16
1503 2
1504 17
1505 13
1506 1
1507 13
1508 16
1509 8
1510 18
1511 16
1512 17
1513 18
1514 17
1515 15
1516 17
1517 11
1518 15
1519 10
1520 25
1521 3
1522 7
1523 25
1524 15
1525 6
1526 4
1527 9
1528 19
1529 23
1530 15
1531 5
1532 10
1533 15
1534 23
1535 7
1536 16
1537 16
1538 1
1539 7
1540 11
1541 3
1542 17
1543 12
1544 18
1545 11
1546 1
1547 7
1548 22
1549 4
1550 2
1551 11
1552 17
1553 18
1554 5
1555 2
1556 4
1557 11
1558 17
1559 16
1560 12
1561 3
1562 15
1563 8
1564 25
1565 18
1566 5
1567 19
1568 4
1569 17
1570 2
1571 24
1572 18
1573 23
1574 16
1575 24
1576 14
1577 18
1578 13
1579 16
1580 8
1581 18
1582 6
1583 19
1584 9
1585 2
1586 18
1587 18
1588 19
1589 25
1590 19
1591 17
1592 17
1593 23
1594 24
1595 10
1596 15
1597 19
1598 18
1599 2
1600 19
1601 12
1602 22
1603 3
1604 17
1605 17
1606 3
1607 16
1608 3
1609 25
1610 5
1611 7
1612 5
1613 12
1614 21
1615 3
1616 10
1617 16
1618 15
1619 6
1620 12
1621 23
1622 16
1623 3
1624 13
1625 14
1626 5
1627 3
1628 22
1629 19
1630 19
1631 4
1632 3
1633 12
1634 22
1635 23
1636 10
1637 24
1638 6
1639 4
1640 19
1641 15
1642 2
1643 5
1644 7
1645 6
1646 8
1647 4
1648 19
1649 21
1650 15
1651 5
1652 17
1653 25
1654 1
1655 23
1656 5
1657 7
1658 1
1659 24
1660 20
1661 7
1662 11
1663 17
1664 19
1665 21
1666 24
1667 5
1668 19
1669 7
1670 14
1671 13
1672 17
1673 18
1674 17
1675 5
1676 4
1677 13
1678 2
1679 16
1680 5
1681 17
1682 18
1683 15
1684 15
1685 1
1686 6
1687 17
1688 11
1689 6
1690 6
1691 22
1692 1
1693 4
1694 11
1695 7
1696 22
1697 8
1698 19
1699 19
1700 14
1701 20
1702 6
1703 15
1704 7
1705 24
1706 17
1707 3
1708 18
1709 20
1710 8
1711 13
1712 17
1713 6
1714 20
1715 18
1716 1
1717 20
1718 4
1719 23
1720 18
1721 25
1722 10
1723 8
1724 10
1725 2
1726 7
1727 13
1728 8
1729 22
1730 15
1731 7
1732 8
1733 20
1734 24
1735 20
1736 16
1737 24
1738 23
1739 11
1740 25
1741 2
1742 7
1743 8
1744 19
1745 1
1746 12
1747 25
1748 18
1749 15
1750 2
1751 6
1752 8
1753 5
1754 16
1755 2
1756 19
1757 11
1758 18
1759 17
1760 11
1761 25
1762 3
1763 8
1764 1
1765 23
1766 12
1767 20
1768 18
1769 6
1770 18
1771 2
1772 18
1773 5
1774 4
1775 19
1776 9
1777 12
1778 16
1779 20
1780 9
1781 12
1782 1
1783 5
1784 2
1785 5
1786 16
1787 20
1788 21
1789 11
1790 5
1791 6
1792 16
1793 20
1794 4
1795 1
1796 7
1797 18
1798 9
1799 23
1800 25
1801 16
1802 9
1803 19
1804 3
1805 24
1806 2
1807 20
1808 1
1809 20
1810 8
1811 24
1812 18
1813 6
1814 18
1815 14
1816 9
1817 15
1818 15
1819 7
1820 11
1821 14
1822 8
1823 17
1824 23
1825 7
1826 1
1827 21
1828 19
1829 15
1830 8
1831 3
1832 21
1833 12
1834 1
1835 1
1836 16
1837 23
1838 25
1839 20
1840 5
1841 16
1842 16
1843 9
1844 20
1845 3
1846 17
1847 22
1848 21
1849 19
1850 17
1851 6
1852 19
1853 7
1854 5
1855 20
1856 13
1857 2
1858 6
1859 19
1860 2
1861 13
1862 7
1863 13
1864 25
1865 16
1866 24
1867 12
1868 21
1869 5
1870 7
1871 13
1872 13
1873 13
1874 17
1875 24
1876 7
1877 1
1878 10
1879 23
1880 2
1881 1
1882 21
1883 9
1884 1
1885 14
1886 16
1887 6
1888 18
1889 23
1890 23
1891 14
1892 8
1893 18
1894 21
1895 20
1896 8
1897 18
1898 19
1899 2
1900 19
1901 6
1902 19
1903 14
1904 19
1905 25
1906 8
1907 24
1908 2
1909 20
1910 24
1911 24
1912 18
1913 13
1914 11
1915 6
1916 4
1917 20
1918 4
1919 1
1920 21
1921 11
1922 19
1923 12
1924 22
1925 25
1926 3
1927 6
1928 6
1929 20
1930 4
1931 15
1932 14
1933 4
1934 20
1935 21
1936 3
1937 21
1938 7
1939 9
1940 22
1941 18
1942 17
1943 8
1944 25
1945 18
1946 21
1947 1
1948 8
1949 24
1950 21
1951 7
1952 14
1953 20
1954 2
1955 17
1956 20
1957 21
1958 3
1959 18
1960 25
1961 5
1962 5
1963 3
1964 19
1965 4
1966 1
1967 20
1968 2
1969 22
1970 18
1971 23
1972 21
1973 19
1974 6
1975 13
1976 25
1977 1
1978 2
1979 9
1980 4
1981 7
1982 21
1983 22
1984 9
1985 18
1986 15
1987 7
1988 8
1989 9
1990 14
1991 20
1992 17
1993 12
1994 14
1995 9
1996 25
1997 2
1998 12
1999 3
2000 17
2001 8
2002 4
2003 8
2004 2
2005 25
2006 6
2007 4
2008 13
2009 19
2010 19
2011 23
2012 23
2013 25
2014 22
2015 19
2016 8
2017 13
2018 17
2019 1
2020 10
2021 22
2022 9
2023 20
2024 2
2025 17
2026 10
2027 17
2028 5
2029 10
2030 14
2031 5
2032 1
2033 17
2034 10
2035 6
2036 11
2037 23
2038 12
2039 6
2040 6
2041 17
2042 5
2043 8
2044 22
2045 18
2046 4
2047 9
2048 2
2049 14
2050 21
2051 12
2052 10
2053 15
2054 18
2055 24
2056 9
2057 10
2058 20
2059 9
2060 8
2061 11
2062 9
2063 20
2064 16
2065 22
2066 24
2067 5
2068 7
2069 20
2070 5
2071 10
2072 15
2073 18
2074 21
2075 18
2076 10
2077 10
2078 9
2079 8
2080 10
2081 14
2082 9
2083 4
2084 21
2085 21
2086 3
2087 19
2088 4
2089 11
2090 3
2091 12
2092 19
2093 6
2094 19
2095 21
2096 9
2097 18
2098 3
2099 5
2100 8
2101 5
2102 14
2103 23
2104 19
2105 23
2106 7
2107 21
2108 3
2109 15
2110 13
2111 13
2112 8
2113 6
2114 10
2115 20
2116 1
2117 16
2118 9
2119 20
2120 5
2121 9
2122 3
2123 20
2124 8
2125 1
2126 1
2127 22
2128 11
2129 2
2130 22
2131 10
2132 20
2133 25
2134 18
2135 9
2136 20
2137 1
2138 18
2139 18
2140 6
2141 5
2142 6
2143 6
2144 21
2145 3
2146 19
2147 17
2148 25
2149 24
2150 7
2151 22
2152 16
2153 10
2154 15
2155 15
2156 4
2157 4
2158 3
2159 17
2160 15
2161 10
2162 8
2163 20
2164 1
2165 24
2166 6
2167 21
2168 16
2169 3
2170 10
2171 3
2172 6
2173 19
2174 5
2175 15
2176 21
2177 6
2178 22
2179 24
2180 9
2181 7
2182 22
2183 2
2184 21
2185 6
2186 15
2187 11
2188 14
2189 23
2190 7
2191 3
2192 21
2193 22
2194 7
2195 9
2196 20
2197 21
2198 23
2199 6
2200 2
2201 21
2202 14
2203 21
2204 20
2205 19
2206 11
2207 19
2208 17
2209 10
2210 5
2211 23
2212 8
2213 7
2214 2
2215 18
2216 25
2217 23
2218 18
2219 8
2220 18
2221 22
2222 6
2223 4
2224 7
2225 7
2226 25
2227 2
2228 1
2229 11
2230 8
2231 20
2232 21
2233 4
2234 22
2235 22
2236 19
2237 16
2238 1
2239 6
2240 20
2241 13
2242 9
2243 7
2244 3
2245 19
2246 19
2247 10
2248 8
2249 2
2250 17
2251 22
2252 24
2253 17
2254 21
2255 13
2256 23
2257 23
2258 22
2259 10
2260 16
2261 18
2262 6
2263 12
2264 14
2265 14
2266 22
2267 23
2268 22
2269 18
2270 14
2271 19
2272 19
2273 16
2274 7
2275 6
2276 7
2277 17
2278 20
2279 9
2280 2
2281 9
2282 21
2283 21
2284 2
2285 8
2286 19
2287 18
2288 9
2289 25
2290 17
2291 2
2292 7
2293 4
2294 19
2295 18
2296 22
2297 22
2298 15
2299 3
2300 22
2301 16
2302 15
2303 21
2304 5
2305 3
2306 17
2307 23
2308 2
2309 16
2310 17
2311 3
2312 4
2313 10
2314 21
2315 23
2316 7
2317 11
2318 4
2319 7
2320 8
2321 3
2322 9
2323 18
2324 8
2325 8
2326 10
2327 2
2328 3
2329 8
2330 7
2331 16
2332 24
2333 3
2334 18
2335 5
2336 17
2337 24
2338 19
2339 11
2340 20
2341 8
2342 25
2343 19
2344 21
2345 9
2346 10
2347 14
2348 11
2349 12
2350 10
2351 22
2352 16
2353 21
2354 24
2355 22
2356 8
2357 22
2358 16
2359 11
2360 8
2361 22
2362 9
2363 23
2364 22
2365 9
2366 21
2367 11
2368 23
2369 20
2370 20
2371 12
2372 16
2373 19
2374 17
2375 2
2376 15
2377 7
2378 22
2379 24
2380 13
2381 6
2382 24
2383 9
2384 4
2385 23
2386 4
2387 3
2388 22
2389 17
2390 4
2391 20
2392 11
2393 17
2394 13
2395 9
2396 24
2397 10
2398 23
2399 24
2400 5
2401 10
2402 18
2403 23
2404 9
2405 19
2406 20
2407 6
2408 20
2409 9
2410 7
2411 8
2412 7
2413 18
2414 10
2415 9
2416 11
2417 21
2418 14
2419 12
2420 21
2421 12
2422 17
2423 10
2424 24
2425 16
2426 5
2427 25
2428 1
2429 11
2430 21
2431 10
2432 10
2433 21
2434 25
2435 12
2436 24
2437 20
2438 22
2439 16
2440 22
2441 3
2442 21
2443 10
2444 20
2445 8
2446 16
2447 4
2448 23
2449 19
2450 24
2451 15
2452 2
2453 10
2454 14
2455 2
2456 18
2457 18
2458 25
2459 25
2460 4
2461 9
2462 8
2463 10
2464 6
2465 23
2466 24
2467 8
2468 24
2469 3
2470 15
2471 8
2472 9
2473 23
2474 11
2475 23
2476 19
2477 5
2478 5
2479 3
2480 1
2481 17
2482 1
2483 21
2484 23
2485 25
2486 3
2487 24
2488 11
2489 11
2490 2
2491 14
2492 10
2493 25
2494 24
2495 10
2496 9
2497 23
2498 5
2499 8
2500 2
2501 11
2502 10
2503 19
2504 17
2505 3
2506 15
2507 5
2508 7
2509 23
2510 5
2511 2
2512 4
2513 23
2514 25
2515 16
2516 9
2517 23
2518 12
2519 23
2520 12
2521 3
2522 11
2523 19
2524 21
2525 18
2526 25
2527 5
2528 20
2529 22
2530 11
2531 15
2532 16
2533 10
2534 7
2535 24
2536 17
2537 20
2538 25
2539 8
2540 16
2541 6
2542 16
2543 25
2544 12
2545 5
2546 23
2547 5
2548 6
2549 24
2550 22
2551 4
2552 1
2553 18
2554 2
2555 1
2556 12
2557 1
2558 10
2559 7
2560 10
2561 3
2562 23
2563 12
2564 11
2565 25
2566 9
2567 20
2568 7
2569 4
2570 2
2571 4
2572 6
2573 9
2574 3
2575 18
2576 24
2577 20
2578 9
2579 9
2580 4
2581 10
2582 11
2583 21
2584 1
2585 13
2586 10
2587 4
2588 6
2589 15
2590 4
2591 12
2592 11
2593 21
2594 12
2595 13
2596 20
2597 8
2598 19
2599 3
2600 22
2601 24
2602 18
2603 19
2604 10
2605 21
2606 22
2607 23
2608 12
2609 17
2610 25
2611 24
2612 10
2613 12
2614 7
2615 1
2616 8
2617 4
2618 13
2619 25
2620 11
2621 8
2622 16
2623 17
2624 9
2625 24
2626 22
2627 21
2628 24
2629 23
2630 4
2631 25
2632 5
2633 15
2634 12
2635 20
2636 20
2637 17
2638 23
2639 8
2640 8
2641 5
2642 20
2643 8
2644 4
2645 9
2646 15
2647 10
2648 1
2649 12
2650 12
2651 8
2652 10
2653 9
2654 8
2655 4
2656 13
2657 2
2658 24
2659 9
2660 11
2661 11
2662 24
2663 14
2664 18
2665 11
2666 19
2667 17
2668 4
2669 1
2670 7
2671 3
2672 25
2673 1
2674 9
2675 5
2676 3
2677 24
2678 25
2679 9
2680 11
2681 24
2682 6
2683 13
2684 4
2685 7
2686 18
2687 17
2688 8
2689 7
2690 12
2691 5
2692 4
2693 2
2694 13
2695 21
2696 5
2697 5
2698 12
2699 13
2700 12
2701 16
2702 22
2703 25
2704 6
2705 6
2706 1
2707 7
2708 4
2709 17
2710 5
2711 13
2712 1
2713 24
2714 24
2715 18
2716 3
2717 21
2718 5
2719 10
2720 14
2721 9
2722 5
2723 10
2724 3
2725 11
2726 19
2727 13
2728 25
2729 5
2730 6
2731 4
2732 13
2733 2
2734 16
2735 11
2736 4
2737 7
2738 22
2739 21
2740 12
2741 11
2742 6
2743 18
2744 20
2745 18
2746 23
2747 20
2748 20
2749 15
2750 15
2751 19
2752 23
2753 18
2754 18
2755 13
2756 11
2757 11
2758 12
2759 14
2760 19
2761 8
2762 18
2763 4
2764 11
2765 10
2766 14
2767 25
2768 22
2769 23
2770 14
2771 22
2772 3
2773 10
2774 25
2775 3
2776 20
2777 7
2778 13
2779 24
2780 14
2781 25
2782 23
2783 13
2784 22
2785 14
2786 20
2787 17
2788 5
2789 8
2790 9
2791 19
2792 24
2793 19
2794 16
2795 14
2796 7
2797 25
2798 9
2799 22
2800 11
2801 19
2802 20
2803 2
2804 17
2805 11
2806 20
2807 23
2808 12
2809 10
2810 11
2811 6
2812 13
2813 18
2814 24
2815 13
2816 10
2817 25
2818 6
2819 1
2820 21
2821 7
2822 4
2823 22
2824 9
2825 11
2826 23
2827 13
2828 24
2829 21
2830 6
2831 6
2832 15
2833 12
2834 3
2835 4
2836 25
2837 8
2838 16
2839 25
2840 22
2841 4
2842 1
2843 19
2844 14
2845 13
2846 11
2847 22
2848 11
2849 25
2850 17
2851 9
2852 5
2853 23
2854 21
2855 16
2856 22
2857 22
2858 14
2859 21
2860 15
2861 5
2862 9
2863 21
2864 13
2865 2
2866 12
2867 12
2868 9
2869 12
2870 24
2871 21
2872 8
2873 24
2874 23
2875 20
2876 16
2877 11
2878 12
2879 24
2880 10
2881 25
2882 25
2883 20
2884 20
2885 8
2886 23
2887 8
2888 24
2889 7
2890 25
2891 8
2892 1
2893 21
2894 11
2895 3
2896 24
2897 12
2898 21
2899 7
2900 21
2901 14
2902 12
2903 14
2904 1
2905 7
2906 6
2907 11
2908 14
2909 2
2910 19
2911 2
2912 1
2913 4
2914 22
2915 12
2916 8
2917 13
2918 12
2919 9
2920 14
2921 22
2922 19
2923 1
2924 22
2925 13
2926 13
2927 4
2928 20
2929 10
2930 14
2931 15
2932 10
2933 14
2934 15
2935 1
2936 3
2937 15
2938 10
2939 20
2940 14
2941 5
2942 22
2943 2
2944 19
2945 1
2946 13
2947 14
2948 15
2949 6
2950 13
2951 25
2952 2
2953 9
2954 5
2955 16
2956 17
2957 7
2958 19
2959 5
2960 21
2961 9
2962 2
2963 2
2964 12
2965 7
2966 3
2967 18
2968 2
2969 8
2970 20
2971 17
2972 17
2973 5
2974 21
2975 5
2976 11
2977 16
2978 25
2979 7
2980 16
2981 14
2982 12
2983 5
2984 10
2985 16
2986 2
2987 3
2988 21
2989 5
2990 9
2991 23
2992 25
2993 8
2994 20
2995 9
2996 19
2997 13
2998 11
2999 10
3000 21
3001 22
3002 20
3003 15
3004 4
3005 23
3006 17
3007 18
3008 8
3009 14
3010 23
3011 19
3012 4
3013 22
3014 1
3015 1
3016 21
3017 12
3018 9
3019 6
3020 12
3021 2
3022 22
3023 15
3024 13
3025 9
3026 18
3027 16
3028 15
3029 7
3030 9
3031 2
3032 13
3033 25
3034 21
3035 3
3036 23
3037 21
3038 6
3039 22
3040 21
3041 6
3042 10
3043 10
3044 16
3045 1
3046 13
3047 6
3048 22
3049 5
3050 24
3051 23
3052 12
3053 7
3054 16
3055 24
3056 3
3057 13
3058 13
3059 13
3060 22
3061 13
3062 9
3063 22
3064 9
3065 14
3066 14
3067 23
3068 5
3069 10
3070 25
3071 23
3072 12
3073 19
3074 1
3075 10
3076 22
3077 1
3078 12
3079 10
3080 5
3081 6
3082 25
3083 3
3084 17
3085 23
3086 22
3087 8
3088 17
3089 15
3090 3
3091 2
3092 14
3093 23
3094 6
3095 22
3096 5
3097 9
3098 23
3099 15
3100 6
3101 13
3102 7
3103 20
3104 10
3105 6
3106 11
3107 10
3108 4
3109 23
3110 23
3111 25
3112 25
3113 12
3114 23
3115 11
3116 20
3117 14
3118 4
3119 4
3120 24
3121 19
3122 6
3123 13
3124 19
3125 11
3126 15
3127 17
3128 7
3129 10
3130 12
3131 13
3132 25
3133 3
3134 17
3135 5
3136 11
3137 7
3138 3
3139 10
3140 20
3141 11
3142 20
3143 11
3144 25
3145 24
3146 11
3147 22
3148 14
3149 10
3150 15
3151 18
3152 20
3153 6
3154 12
3155 1
3156 20
3157 21
3158 22
3159 9
3160 13
3161 14
3162 10
3163 1
3164 14
3165 14
3166 21
3167 25
3168 16
3169 18
3170 18
3171 10
3172 23
3173 20
3174 23
3175 10
3176 24
3177 12
3178 5
3179 10
3180 15
3181 1
3182 2
3183 1
3184 2
3185 5
3186 12
3187 16
3188 23
3189 24
3190 13
3191 11
3192 1
3193 11
3194 1
3195 11
3196 8
3197 11
3198 13
3199 7
3200 9
3201 13
3202 10
3203 7
3204 2
3205 2
3206 6
3207 21
3208 24
3209 11
3210 2
3211 18
3212 11
3213 25
3214 19
3215 2
3216 19
3217 22
3218 18
3219 4
3220 11
3221 6
3222 13
3223 24
3224 7
3225 23
3226 12
3227 22
3228 12
3229 14
3230 12
3231 19
3232 12
3233 6
3234 3
3235 11
3236 14
3237 15
3238 10
3239 12
3240 3
3241 13
3242 19
3243 13
3244 1
3245 22
3246 14
3247 7
3248 22
3249 17
3250 2
3251 17
3252 17
3253 2
3254 11
3255 11
3256 6
3257 1
3258 11
3259 14
3260 1
3261 16
3262 1
3263 15
3264 17
3265 16
3266 15
3267 2
3268 15
3269 19
3270 8
3271 17
3272 9
3273 11
3274 6
3275 11
3276 15
3277 20
3278 9
3279 3
3280 21
3281 4
3282 16
3283 23
3284 7
3285 15
3286 24
3287 11
3288 1
3289 7
3290 16
3291 17
3292 24
3293 25
3294 10
3295 15
3296 3
3297 4
3298 6
3299 3
3300 15
3301 23
3302 17
3303 13
3304 12
3305 12
3306 24
3307 11
3308 15
3309 12
3310 8
3311 12
3312 12
3313 5
3314 15
3315 2
3316 25
3317 12
3318 7
3319 23
3320 13
3321 24
3322 18
3323 3
3324 9
3325 20
3326 25
3327 24
3328 13
3329 5
3330 12
3331 23
3332 20
3333 24
3334 23
3335 10
3336 15
3337 6
3338 18
3339 19
3340 23
3341 7
3342 8
3343 14
3344 4
3345 1
3346 16
3347 4
3348 19
3349 2
3350 22
3351 13
3352 8
3353 6
3354 3
3355 9
3356 4
3357 9
3358 8
3359 15
3360 16
3361 3
3362 8
3363 25
3364 13
3365 22
3366 8
3367 14
3368 3
3369 21
3370 17
3371 16
3372 14
3373 13
3374 19
3375 14
3376 2
3377 12
3378 6
3379 10
3380 18
3381 4
3382 14
3383 7
3384 4
3385 16
3386 2
3387 4
3388 23
3389 5
3390 23
3391 18
3392 25
3393 14
3394 2
3395 6
3396 24
3397 10
3398 11
3399 13
3400 4
3401 14
3402 4
3403 1
3404 12
3405 1
3406 10
3407 15
3408 5
3409 13
3410 11
3411 3
3412 21
3413 20
3414 14
3415 10
3416 15
3417 22
3418 8
3419 11
3420 16
3421 21
3422 15
3423 12
3424 21
3425 7
3426 5
3427 18
3428 1
3429 23
3430 11
3431 6
3432 10
3433 2
3434 13
3435 18
3436 24
3437 21
3438 19
3439 10
3440 25
3441 20
3442 18
3443 15
3444 5
3445 25
3446 9
3447 12
3448 12
3449 3
3450 12
3451 24
3452 23
3453 11
3454 12
3455 21
3456 14
3457 16
3458 5
3459 24
3460 12
3461 23
3462 13
3463 6
3464 13
3465 19
3466 15
3467 17
3468 16
3469 25
3470 14
3471 21
3472 25
3473 19
3474 10
3475 13
3476 13
3477 11
3478 16
3479 23
3480 13
3481 18
3482 14
3483 15
3484 15
3485 7
3486 4
3487 19
3488 24
3489 8
3490 19
3491 7
3492 2
3493 14
3494 2
3495 4
3496 11
3497 20
3498 15
3499 12
3500 5
3501 24
3502 10
3503 14
3504 12
3505 16
3506 24
3507 14
3508 17
3509 11
3510 4
3511 1
3512 1
3513 18
3514 1
3515 20
3516 22
3517 16
3518 25
3519 3
3520 18
3521 16
3522 13
3523 9
3524 17
3525 3
3526 17
3527 22
3528 4
3529 24
3530 23
3531 14
3532 5
3533 2
3534 24
3535 16
3536 2
3537 21
3538 20
3539 19
3540 18
3541 7
3542 15
3543 2
3544 24
3545 12
3546 12
3547 18
3548 6
3549 5
3550 1
3551 15
3552 16
3553 17
3554 14
3555 19
3556 12
3557 9
3558 7
3559 25
3560 11
3561 18
3562 8
3563 23
3564 13
3565 15
3566 3
3567 24
3568 5
3569 15
3570 14
3571 13
3572 11
3573 16
3574 23
3575 21
3576 24
3577 13
3578 3
3579 4
3580 12
3581 15
3582 7
3583 8
3584 13
3585 6
3586 24
3587 16
3588 3
3589 14
3590 17
3591 2
3592 13
3593 2
3594 5
3595 18
3596 7
3597 16
3598 18
3599 5
3600 5
3601 22
3602 16
3603 8
3604 24
3605 3
3606 19
3607 9
3608 20
3609 19
3610 6
3611 11
3612 5
3613 2
3614 19
3615 13
3616 2
3617 5
3618 4
3619 24
3620 8
3621 9
3622 22
3623 1
3624 14
3625 25
3626 17
3627 25
3628 22
3629 1
3630 25
3631 7
3632 13
3633 21
3634 6
3635 18
3636 20
3637 12
3638 13
3639 19
3640 20
3641 1
3642 25
3643 21
3644 15
3645 6
3646 12
3647 1
3648 25
3649 13
3650 23
3651 14
3652 24
3653 1
3654 14
3655 17
3656 16
3657 1
3658 13
3659 7
3660 8
3661 7
3662 14
3663 7
3664 12
3665 6
3666 17
3667 13
3668 25
3669 11
3670 5
3671 18
3672 7
3673 7
3674 17
3675 17
3676 10
3677 3
3678 15
3679 5
3680 5
3681 17
3682 21
3683 23
3684 15
3685 22
3686 13
3687 25
3688 3
3689 15
3690 14
3691 4
3692 21
3693 6
3694 20
3695 20
3696 8
3697 17
3698 15
3699 22
3700 12
3701 25
3702 8
3703 8
3704 16
3705 12
3706 23
3707 1
3708 2
3709 17
3710 14
3711 15
3712 16
3713 23
3714 22
3715 16
3716 25
3717 6
3718 1
3719 16
3720 14
3721 5
3722 16
3723 16
3724 3
3725 9
3726 20
3727 14
3728 15
3729 9
3730 6
3731 16
3732 18
3733 25
3734 1
3735 22
3736 5
3737 5
3738 6
3739 14
3740 23
3741 14
3742 6
3743 17
3744 24
3745 22
3746 24
3747 3
3748 25
3749 17
3750 7
3751 24
3752 20
3753 25
3754 16
3755 4
3756 9
3757 24
3758 16
3759 25
3760 3
3761 4
3762 18
3763 24
3764 25
3765 25
3766 21
3767 6
3768 14
3769 2
3770 14
3771 15
3772 19
3773 2
3774 22
3775 17
3776 17
3777 1
3778 15
3779 25
3780 7
3781 13
3782 19
3783 19
3784 17
3785 15
3786 12
3787 18
3788 14
3789 10
3790 24
3791 18
3792 14
3793 7
3794 18
3795 8
3796 9
3797 18
3798 4
3799 10
3800 13
3801 21
3802 15
3803 13
3804 16
3805 16
3806 18
3807 23
3808 14
3809 13
3810 7
3811 8
3812 14
3813 15
3814 2
3815 24
3816 6
3817 20
3818 14
3819 4
3820 18
3821 1
3822 15
3823 8
3824 1
3825 19
3826 21
3827 3
3828 18
3829 25
3830 25
3831 21
3832 16
3833 18
3834 17
3835 8
3836 2
3837 8
3838 17
3839 11
3840 20
3841 16
3842 13
3843 15
3844 5
3845 9
3846 9
3847 3
3848 14
3849 8
3850 1
3851 21
3852 8
3853 15
3854 16
3855 16
3856 18
3857 16
3858 21
3859 1
3860 13
3861 17
3862 17
3863 9
3864 13
3865 21
3866 15
3867 24
3868 16
3869 5
3870 6
3871 16
3872 1
3873 4
3874 3
3875 18
3876 16
3877 19
3878 6
3879 17
3880 15
3881 4
3882 17
3883 17
3884 21
3885 3
3886 17
3887 16
3888 2
3889 1
3890 1
3891 24
3892 14
3893 12
3894 13
3895 25
3896 16
3897 17
3898 21
3899 15
3900 16
3901 4
3902 25
3903 23
3904 10
3905 17
3906 7
3907 5
3908 14
3909 14
3910 12
3911 15
3912 12
3913 11
3914 13
3915 15
3916 20
3917 8
3918 2
3919 14
3920 1
3921 22
3922 6
3923 14
3924 15
3925 4
3926 12
3927 21
3928 2
3929 9
3930 14
3931 21
3932 7
3933 19
3934 22
3935 5
3936 2
3937 2
3938 18
3939 8
3940 17
3941 9
3942 4
3943 19
3944 17
3945 19
3946 19
3947 15
3948 7
3949 25
3950 18
3951 4
3952 3
3953 4
3954 1
3955 3
3956 3
3957 13
3958 8
3959 18
3960 15
3961 20
3962 15
3963 22
3964 11
3965 20
3966 5
3967 23
3968 2
3969 23
3970 6
3971 8
3972 24
3973 11
3974 11
3975 3
3976 15
3977 19
3978 2
3979 16
3980 25
3981 9
3982 25
3983 22
3984 18
3985 18
3986 10
3987 10
3988 16
3989 21
3990 3
3991 22
3992 1
3993 19
3994 19
3995 20
3996 18
3997 20
3998 16
3999 6
4000 7
4001 5
4002 2
4003 16
4004 20
4005 17
4006 15
4007 17
4008 17
4009 22
4010 2
4011 16
4012 19
4013 19
4014 25
4015 21
4016 10
4017 15
4018 19
4019 11
4020 13
4021 25
4022 12
4023 2
4024 24
4025 22
4026 16
4027 21
4028 18
4029 1
4030 18
4031 7
4032 3
4033 4
4034 21
4035 17
4036 4
4037 17
4038 13
4039 2
4040 2
4041 18
4042 22
4043 3
4044 1
4045 6
4046 23
4047 6
4048 8
4049 5
4050 14
4051 3
4052 13
4053 19
4054 19
4055 4
4056 9
4057 7
4058 9
4059 3
4060 17
4061 23
4062 3
4063 18
4064 1
4065 24
4066 22
4067 20
4068 17
4069 5
4070 3
4071 10
4072 17
4073 1
4074 1
4075 15
4076 17
4077 3
4078 10
4079 1
4080 7
4081 11
4082 9
4083 7
4084 20
4085 12
4086 19
4087 16
4088 6
4089 16
4090 18
4091 2
4092 6
4093 12
4094 20
4095 23
4096 16
4097 17
4098 23
4099 15
4100 10
4101 18
4102 24
4103 15
4104 8
4105 19
4106 14
4107 4
4108 5
4109 22
4110 17
4111 20
4112 21
4113 5
4114 17
4115 4
4116 11
4117 24
4118 20
4119 7
4120 3
4121 20
4122 19
4123 15
4124 2
4125 19
4126 4
4127 17
4128 10
4129 14
4130 15
4131 9
4132 10
4133 12
4134 16
4135 10
4136 16
4137 25
4138 8
4139 1
4140 17
4141 24
4142 6
4143 3
4144 10
4145 20
4146 5
4147 20
4148 15
4149 3
4150 11
4151 11
4152 21
4153 1
4154 24
4155 11
4156 2
4157 16
4158 8
4159 19
4160 8
4161 12
4162 12
4163 2
4164 19
4165 17
4166 22
4167 6
4168 7
4169 18
4170 20
4171 5
4172 8
4173 10
4174 11
4175 13
4176 12
4177 17
4178 2
4179 5
4180 14
4181 15
4182 1
4183 13
4184 16
4185 7
4186 21
4187 25
4188 16
4189 10
4190 13
4191 8
4192 18
4193 18
4194 8
4195 25
4196 3
4197 20
4198 17
4199 17
4200 18
4201 17
4202 19
4203 8
4204 9
4205 20
4206 9
4207 3
4208 6
4209 21
4210 19
4211 13
4212 21
4213 12
4214 17
4215 23
4216 4
4217 23
4218 8
4219 19
4220 23
4221 24
4222 1
4223 11
4224 2
4225 5
4226 22
4227 16
4228 17
4229 18
4230 22
4231 25
4232 25
4233 4
4234 19
4235 2
4236 2
4237 20
4238 9
4239 24
4240 4
4241 17
4242 23
4243 7
4244 18
4245 1
4246 5
4247 16
4248 21
4249 13
4250 21
4251 9
4252 9
4253 20
4254 19
4255 19
4256 4
4257 3
4258 21
4259 13
4260 11
4261 14
4262 18
4263 12
4264 8
4265 1
4266 16
4267 4
4268 15
4269 8
4270 17
4271 1
4272 4
4273 4
4274 23
4275 25
4276 18
4277 3
4278 14
4279 6
4280 4
4281 18
4282 14
4283 18
4284 21
4285 10
4286 4
4287 4
4288 18
4289 19
4290 11
4291 11
4292 11
4293 5
4294 11
4295 19
4296 21
4297 22
4298 10
4299 16
4300 24
4301 13
4302 11
4303 12
4304 17
4305 12
4306 3
4307 5
4308 22
4309 20
4310 14
4311 1
4312 18
4313 9
4314 9
4315 5
4316 17
4317 17
4318 9
4319 21
4320 10
4321 20
4322 1
4323 18
4324 14
4325 21
4326 18
4327 9
4328 13
4329 7
4330 22
4331 25
4332 7
4333 10
4334 5
4335 9
4336 3
4337 6
4338 7
4339 19
4340 10
4341 3
4342 13
4343 4
4344 14
4345 1
4346 20
4347 23
4348 3
4349 14
4350 10
4351 18
4352 20
4353 2
4354 21
4355 18
4356 4
4357 19
4358 5
4359 20
4360 22
4361 15
4362 6
4363 21
4364 10
4365 23
4366 23
4367 6
4368 2
4369 8
4370 18
4371 5
4372 6
4373 6
4374 20
4375 10
4376 22
4377 22
4378 8
4379 5
4380 17
4381 6
4382 9
4383 15
4384 20
4385 21
4386 7
4387 24
4388 16
4389 12
4390 6
4391 10
4392 2
4393 11
4394 12
4395 19
4396 10
4397 6
4398 18
4399 21
4400 12
4401 3
4402 15
4403 20
4404 4
4405 4
4406 22
4407 11
4408 14
4409 22
4410 18
4411 4
4412 18
4413 23
4414 25
4415 2
4416 22
4417 18
4418 22
4419 19
4420 12
4421 24
4422 22
4423 4
4424 2
4425 3
4426 7
4427 21
4428 1
4429 22
4430 20
4431 16
4432 3
4433 3
4434 3
4435 21
4436 23
4437 19
4438 15
4439 24
4440 20
4441 7
4442 18
4443 2
4444 11
4445 14
4446 4
4447 5
4448 21
4449 14
4450 8
4451 1
4452 4
4453 15
4454 21
4455 16
4456 12
4457 11
4458 8
4459 15
4460 14
4461 22
4462 9
4463 5
4464 4
4465 23
4466 10
4467 8
4468 22
4469 21
4470 5
4471 18
4472 14
4473 16
4474 17
4475 12
4476 15
4477 11
4478 13
4479 8
4480 24
4481 5
4482 11
4483 23
4484 7
4485 25
4486 2
4487 19
4488 4
4489 24
4490 19
4491 7
4492 5
4493 14
4494 8
4495 13
4496 19
4497 18
4498 15
4499 21
4500 23
4501 19
4502 9
4503 12
4504 18
4505 10
4506 4
4507 20
4508 10
4509 4
4510 19
4511 10
4512 23
4513 7
4514 21
4515 19
4516 9
4517 11
4518 19
4519 15
4520 17
4521 8
4522 7
4523 8
4524 22
4525 7
4526 20
4527 13
4528 16
4529 23
4530 20
4531 25
4532 6
4533 5
4534 8
4535 3
4536 24
4537 22
4538 7
4539 13
4540 9
4541 14
4542 25
4543 6
4544 21
4545 25
4546 2
4547 5
4548 1
4549 12
4550 15
4551 10
4552 24
4553 24
4554 5
4555 9
4556 12
4557 12
4558 21
4559 24
4560 3
4561 23
4562 9
4563 21
4564 5
4565 20
4566 23
4567 5
4568 23
4569 13
4570 7
4571 22
4572 2
4573 13
4574 23
4575 10
4576 11
4577 20
4578 4
4579 22
4580 13
4581 25
4582 13
4583 6
4584 18
4585 11
4586 8
4587 22
4588 20
4589 10
4590 23
4591 11
4592 18
4593 14
4594 16
4595 3
4596 19
4597 21
4598 20
4599 4
4600 1
4601 2
4602 24
4603 23
4604 24
4605 9
4606 25
4607 25
4608 4
4609 1
4610 5
4611 22
4612 23
4613 12
4614 20
4615 15
4616 20
4617 11
4618 8
4619 11
4620 24
4621 10
4622 8
4623 22
4624 23
4625 3
4626 9
4627 20
4628 22
4629 25
4630 6
4631 4
4632 1
4633 2
4634 12
4635 5
4636 15
4637 8
4638 7
4639 19
4640 22
4641 14
4642 4
4643 4
4644 24
4645 1
4646 16
4647 12
4648 14
4649 6
4650 15
4651 5
4652 12
4653 20
4654 5
4655 23
4656 9
4657 17
4658 14
4659 21
4660 6
4661 13
4662 7
4663 5
4664 19
4665 4
4666 6
4667 2
4668 21
4669 14
4670 11
4671 10
4672 7
4673 21
4674 13
4675 9
4676 23
4677 8
4678 3
4679 2
4680 15
4681 17
4682 20
4683 2
4684 20
4685 11
4686 11
4687 22
4688 25
4689 2
4690 10
4691 6
4692 8
4693 17
4694 6
4695 10
4696 6
4697 15
4698 20
4699 12
4700 24
4701 21
4702 25
4703 22
4704 25
4705 13
4706 19
4707 16
4708 21
4709 3
4710 8
4711 21
4712 9
4713 24
4714 14
4715 9
4716 1
4717 2
4718 3
4719 25
4720 24
4721 23
4722 22
4723 21
4724 3
4725 22
4726 2
4727 21
4728 7
4729 7
4730 22
4731 18
4732 22
4733 19
4734 14
4735 4
4736 8
4737 13
4738 23
4739 6
4740 24
4741 8
4742 13
4743 5
4744 2
4745 8
4746 12
4747 9
4748 8
4749 23
4750 18
4751 13
4752 9
4753 4
4754 18
4755 4
4756 11
4757 5
4758 10
4759 24
4760 17
4761 11
4762 15
4763 5
4764 19
4765 23
4766 21
4767 13
4768 20
4769 12
4770 6
4771 21
4772 22
4773 4
4774 1
4775 23
4776 11
4777 14
4778 25
4779 15
4780 16
4781 13
4782 1
4783 25
4784 24
4785 12
4786 17
4787 9
4788 5
4789 19
4790 16
4791 13
4792 11
4793 16
4794 24
4795 6
4796 20
4797 12
4798 15
4799 17
4800 2
4801 13
4802 7
4803 23
4804 25
4805 22
4806 12
4807 24
4808 19
4809 5
4810 9
4811 6
4812 7
4813 24
4814 5
4815 14
4816 7
4817 6
4818 8
4819 5
4820 12
4821 3
4822 24
4823 2
4824 14
4825 1
4826 16
4827 17
4828 9
4829 6
4830 23
4831 24
4832 7
4833 14
4834 16
4835 23
4836 25
4837 25
4838 6
4839 18
4840 9
4841 2
4842 17
4843 19
4844 6
4845 9
4846 25
4847 19
4848 23
4849 7
4850 2
4851 7
4852 22
4853 3
4854 8
4855 18
4856 21
4857 7
4858 23
4859 20
4860 22
4861 6
4862 9
4863 6
4864 14
4865 10
4866 7
4867 10
4868 18
4869 16
4870 7
4871 13
4872 3
4873 15
4874 23
4875 13
4876 4
4877 16
4878 10
4879 12
4880 17
4881 24
4882 22
4883 1
4884 17
4885 21
4886 25
4887 20
4888 6
4889 1
4890 16
4891 20
4892 14
4893 12
4894 12
4895 13
4896 15
4897 23
4898 22
4899 12
4900 24
4901 4
4902 3
4903 14
4904 23
4905 8
4906 24
4907 1
4908 7
4909 9
4910 2
4911 22
4912 15
4913 18
4914 24
4915 1
4916 6
4917 20
4918 23
4919 10
4920 10
4921 16
4922 17
4923 3
4924 25
4925 2
4926 24
4927 17
4928 7
4929 13
4930 20
4931 15
4932 19
4933 25
4934 23
4935 3
4936 24
4937 16
4938 18
4939 8
4940 1
4941 16
4942 1
4943 25
4944 7
4945 19
4946 2
4947 18
4948 9
4949 10
4950 20
4951 12
4952 6
4953 6
4954 23
4955 20
4956 7
4957 15
4958 4
4959 25
4960 24
4961 5
4962 1
4963 6
4964 1
4965 6
4966 11
4967 3
4968 14
4969 8
4970 21
4971 1
4972 9
4973 1
4974 25
4975 10
4976 3
4977 20
4978 21
4979 2
4980 15
4981 25
4982 11
4983 16
4984 24
4985 11
4986 22
4987 22
4988 4
4989 22
4990 1
4991 21
4992 2
4993 24
4994 13
4995 22
4996 4
4997 19
4998 17
4999 13
5000 18
