2501 25
2502 2
2503 3
2504 8
2505 3
2506 21
2507 2
2508 21
2509 25
2510 13
2511 14
2512 2
2513 6
2514 24
2515 16
2516 13
2517 3
2518 14
2519 20
2520 5
2521 13
2522 22
2523 18
2524 17
2525 22
2526 3
2527 5
2528 13
2529 10
2530 7
2531 3
2532 13
2533 2
2534 9
2535 10
2536 15
2537 15
2538 11
2539 16
2540 15
2541 6
2542 3
2543 16
2544 25
2545 13
2546 10
2547 5
2548 23
2549 21
2550 13
2551 15
2552 21
2553 2
2554 16
2555 16
2556 11
2557 5
2558 25
2559 16
2560 11
2561 14
2562 3
2563 10
2564 7
2565 22
2566 23
2567 23
2568 4
2569 24
2570 3
2571 7
2572 1
2573 18
2574 4
2575 16
2576 10
2577 19
2578 18
2579 6
2580 8
2581 6
2582 15
2583 10
2584 11
2585 8
2586 25
2587 17
2588 14
2589 3
2590 21
2591 7
2592 8
2593 16
2594 18
2595 16
2596 8
2597 12
2598 5
2599 21
2600 7
2601 24
2602 18
2603 25
2604 21
2605 23
2606 21
2607 7
2608 16
2609 11
2610 1
2611 2
2612 6
2613 14
2614 1
2615 9
2616 1
2617 13
2618 13
2619 24
2620 18
2621 19
2622 9
2623 19
2624 18
2625 21
2626 16
2627 13
2628 1
2629 5
2630 24
2631 17
2632 6
2633 24
2634 25
2635 16
2636 4
2637 3
2638 10
2639 2
2640 25
2641 19
2642 24
2643 25
2644 21
2645 6
2646 18
2647 22
2648 7
2649 6
2650 10
2651 20
2652 1
2653 21
2654 22
2655 13
2656 14
2657 1
2658 2
2659 20
2660 18
2661 7
2662 9
2663 20
2664 21
2665 1
2666 8
2667 6
2668 24
2669 8
2670 23
2671 6
2672 21
2673 12
2674 18
2675 15
2676 1
2677 13
2678 12
2679 4
2680 14
2681 13
2682 6
2683 12
2684 11
2685 4
2686 7
2687 8
2688 11
2689 11
2690 4
2691 20
2692 22
2693 25
2694 1
2695 7
2696 10
2697 23
2698 3
2699 16
2700 17
2701 18
2702 7
2703 11
2704 14
2705 10
2706 20
2707 24
2708 4
2709 2
2710 13
2711 14
2712 20
2713 25
2714 3
2715 10
2716 9
2717 12
2718 6
2719 5
2720 1
2721 22
2722 13
2723 5
2724 25
2725 24
2726 24
2727 9
2728 11
2729 23
2730 24
2731 25
2732 25
2733 9
2734 17
2735 23
2736 9
2737 11
2738 19
2739 23
2740 4
2741 19
2742 1
2743 25
2744 8
2745 23
2746 23
2747 16
2748 6
2749 22
2750 13
2751 8
2752 21
2753 16
2754 11
2755 9
2756 24
2757 10
2758 23
2759 25
2760 2
2761 7
2762 17
2763 24
2764 3
2765 2
2766 19
2767 16
2768 17
2769 10
2770 7
2771 5
2772 5
2773 22
2774 14
2775 12
2776 5
2777 8
2778 6
2779 2
2780 25
2781 7
2782 7
2783 14
2784 9
2785 13
2786 12
2787 2
2788 25
2789 11
2790 3
2791 20
2792 19
2793 22
2794 5
2795 21
2796 14
2797 17
2798 21
2799 8
2800 19
2801 6
2802 6
2803 8
2804 18
2805 1
2806 23
2807 5
2808 25
2809 1
2810 8
2811 14
2812 7
2813 18
2814 4
2815 23
2816 19
2817 21
2818 15
2819 22
2820 11
2821 15
2822 15
2823 5
2824 25
2825 4
2826 3
2827 12
2828 8
2829 24
2830 16
2831 12
2832 19
2833 5
2834 17
2835 9
2836 13
2837 11
2838 23
2839 17
2840 16
2841 9
2842 3
2843 13
2844 14
2845 14
2846 24
2847 16
2848 3
2849 20
2850 5
2851 16
2852 1
2853 18
2854 19
2855 8
2856 7
2857 17
2858 8
2859 21
2860 8
2861 11
2862 8
2863 23
2864 25
2865 4
2866 13
2867 15
2868 16
2869 18
2870 21
2871 14
2872 4
2873 23
2874 6
2875 25
2876 17
2877 19
2878 6
2879 24
2880 8
2881 23
2882 21
2883 13
2884 25
2885 23
2886 13
2887 17
2888 1
2889 5
2890 2
2891 15
2892 20
2893 10
2894 5
2895 19
2896 4
2897 4
2898 18
2899 6
2900 7
2901 21
2902 6
2903 20
2904 9
2905 13
2906 2
2907 19
2908 5
2909 1
2910 4
2911 5
2912 11
2913 13
2914 14
2915 8
2916 10
2917 8
2918 24
2919 14
2920 6
2921 14
2922 15
2923 13
2924 8
2925 15
2926 16
2927 14
2928 20
2929 17
2930 13
2931 15
2932 25
2933 20
2934 5
2935 18
2936 14
2937 14
2938 13
2939 1
2940 12
2941 14
2942 25
2943 4
2944 18
2945 16
2946 8
2947 20
2948 4
2949 9
2950 2
2951 5
2952 21
2953 13
2954 15
2955 18
2956 20
2957 7
2958 20
2959 22
2960 4
2961 15
2962 24
2963 5
2964 17
2965 1
2966 23
2967 6
2968 9
2969 5
2970 3
2971 23
2972 1
2973 21
2974 24
2975 18
2976 14
2977 19
2978 10
2979 10
2980 10
2981 22
2982 23
2983 18
2984 8
2985 1
2986 25
2987 18
2988 4
2989 9
2990 22
2991 7
2992 8
2993 11
2994 21
2995 9
2996 15
2997 4
2998 19
2999 16
3000 21
3001 12
3002 11
3003 21
3004 2
3005 15
3006 22
3007 24
3008 2
3009 10
3010 11
3011 10
3012 11
3013 13
3014 10
3015 25
3016 12
3017 16
3018 7
3019 18
3020 22
3021 17
3022 22
3023 20
3024 18
3025 3
3026 4
3027 9
3028 4
3029 6
3030 2
3031 14
3032 6
3033 23
3034 12
3035 13
3036 5
3037 8
3038 16
3039 6
3040 14
3041 18
3042 10
3043 6
3044 25
3045 8
3046 22
3047 18
3048 16
3049 13
3050 21
3051 18
3052 17
3053 18
3054 4
3055 11
3056 25
3057 13
3058 12
3059 21
3060 4
3061 19
3062 2
3063 7
3064 1
3065 4
3066 2
3067 1
3068 19
3069 22
3070 3
3071 15
3072 3
3073 6
3074 12
3075 7
3076 16
3077 8
3078 11
3079 12
3080 5
3081 6
3082 4
3083 13
3084 14
3085 16
3086 3
3087 12
3088 21
3089 9
3090 7
3091 19
3092 20
3093 15
3094 25
3095 18
3096 2
3097 24
3098 2
3099 17
3100 11
3101 7
3102 21
3103 16
3104 19
3105 18
3106 5
3107 21
3108 4
3109 22
3110 21
3111 6
3112 12
3113 12
3114 25
3115 7
3116 13
3117 5
3118 2
3119 24
3120 19
3121 20
3122 17
3123 21
3124 13
3125 16
3126 21
3127 8
3128 10
3129 1
3130 16
3131 2
3132 4
3133 12
3134 16
3135 22
3136 22
3137 22
3138 16
3139 25
3140 10
3141 5
3142 8
3143 7
3144 15
3145 22
3146 12
3147 8
3148 3
3149 5
3150 5
3151 17
3152 2
3153 15
3154 2
3155 6
3156 24
3157 3
3158 5
3159 19
3160 16
3161 10
3162 15
3163 15
3164 3
3165 19
3166 12
3167 1
3168 11
3169 10
3170 24
3171 12
3172 9
3173 22
3174 22
3175 13
3176 12
3177 18
3178 16
3179 16
3180 4
3181 18
3182 8
3183 25
3184 15
3185 15
3186 8
3187 22
3188 24
3189 3
3190 23
3191 20
3192 5
3193 7
3194 16
3195 22
3196 4
3197 23
3198 8
3199 12
3200 19
3201 25
3202 14
3203 23
3204 4
3205 5
3206 12
3207 21
3208 9
3209 11
3210 10
3211 19
3212 11
3213 14
3214 13
3215 13
3216 12
3217 14
3218 16
3219 19
3220 1
3221 3
3222 22
3223 23
3224 24
3225 17
3226 18
3227 4
3228 22
3229 9
3230 23
3231 2
3232 4
3233 7
3234 17
3235 13
3236 18
3237 16
3238 17
3239 15
3240 3
3241 8
3242 16
3243 10
3244 10
3245 14
3246 21
3247 9
3248 14
3249 23
3250 22
3251 4
3252 23
3253 8
3254 24
3255 1
3256 10
3257 14
3258 21
3259 15
3260 12
3261 22
3262 2
3263 24
3264 2
3265 15
3266 20
3267 25
3268 2
3269 14
3270 10
3271 3
3272 14
3273 14
3274 1
3275 18
3276 9
3277 9
3278 14
3279 12
3280 10
3281 11
3282 8
3283 14
3284 6
3285 21
3286 19
3287 10
3288 9
3289 20
3290 25
3291 15
3292 20
3293 16
3294 6
3295 16
3296 22
3297 7
3298 21
3299 3
3300 13
3301 1
3302 8
3303 10
3304 22
3305 20
3306 8
3307 24
3308 20
3309 23
3310 11
3311 6
3312 20
3313 19
3314 6
3315 2
3316 4
3317 18
3318 15
3319 15
3320 20
3321 22
3322 6
3323 17
3324 6
3325 5
3326 20
3327 14
3328 2
3329 7
3330 17
3331 19
3332 6
3333 17
3334 20
3335 24
3336 11
3337 12
3338 15
3339 8
3340 20
3341 17
3342 24
3343 8
3344 17
3345 15
3346 18
3347 5
3348 7
3349 10
3350 19
3351 21
3352 19
3353 11
3354 12
3355 2
3356 24
3357 17
3358 20
3359 10
3360 25
3361 7
3362 18
3363 8
3364 18
3365 3
3366 3
3367 4
3368 17
3369 3
3370 24
3371 10
3372 22
3373 23
3374 3
3375 6
3376 5
3377 21
3378 21
3379 10
3380 25
3381 2
3382 18
3383 12
3384 13
3385 7
3386 12
3387 25
3388 9
3389 7
3390 11
3391 25
3392 13
3393 11
3394 15
3395 25
3396 1
3397 12
3398 2
3399 12
3400 10
3401 13
3402 13
3403 24
3404 16
3405 5
3406 3
3407 6
3408 19
3409 22
3410 12
3411 6
3412 20
3413 12
3414 2
3415 2
3416 6
3417 25
3418 9
3419 18
3420 25
3421 12
3422 16
3423 17
3424 10
3425 11
3426 8
3427 15
3428 8
3429 2
3430 11
3431 1
3432 24
3433 23
3434 25
3435 5
3436 16
3437 6
3438 7
3439 4
3440 8
3441 11
3442 4
3443 25
3444 10
3445 15
3446 7
3447 19
3448 3
3449 12
3450 23
3451 3
3452 1
3453 23
3454 13
3455 16
3456 23
3457 4
3458 25
3459 23
3460 19
3461 14
3462 19
3463 19
3464 5
3465 7
3466 24
3467 19
3468 3
3469 12
3470 13
3471 18
3472 21
3473 18
3474 23
3475 6
3476 13
3477 25
3478 11
3479 23
3480 5
3481 21
3482 23
3483 8
3484 14
3485 6
3486 7
3487 22
3488 21
3489 1
3490 12
3491 16
3492 16
3493 20
3494 24
3495 19
3496 11
3497 14
3498 11
3499 14
3500 15
3501 3
3502 21
3503 9
3504 3
3505 15
3506 2
3507 15
3508 25
3509 25
3510 4
3511 13
3512 20
3513 5
3514 1
3515 5
3516 8
3517 4
3518 16
3519 5
3520 7
3521 22
3522 7
3523 16
3524 16
3525 17
3526 18
3527 24
3528 21
3529 4
3530 22
3531 9
3532 7
3533 11
3534 19
3535 24
3536 22
3537 21
3538 16
3539 17
3540 9
3541 4
3542 24
3543 9
3544 10
3545 14
3546 8
3547 7
3548 20
3549 22
3550 25
3551 8
3552 8
3553 22
3554 2
3555 4
3556 4
3557 10
3558 4
3559 1
3560 23
3561 7
3562 8
3563 10
3564 9
3565 25
3566 23
3567 10
3568 5
3569 15
3570 12
3571 12
3572 1
3573 24
3574 20
3575 23
3576 7
3577 17
3578 10
3579 3
3580 21
3581 14
3582 12
3583 8
3584 10
3585 6
3586 13
3587 11
3588 1
3589 6
3590 4
3591 17
3592 15
3593 11
3594 15
3595 25
3596 6
3597 10
3598 15
3599 16
3600 25
3601 12
3602 3
3603 7
3604 18
3605 13
3606 20
3607 24
3608 10
3609 9
3610 17
3611 25
3612 13
3613 18
3614 22
3615 24
3616 6
3617 6
3618 1
3619 18
3620 14
3621 7
3622 13
3623 23
3624 23
3625 10
3626 1
3627 19
3628 18
3629 10
3630 2
3631 22
3632 23
3633 4
3634 21
3635 8
3636 6
3637 19
3638 3
3639 12
3640 24
3641 20
3642 6
3643 9
3644 2
3645 19
3646 17
3647 3
3648 19
3649 3
3650 8
3651 23
3652 10
3653 6
3654 13
3655 20
3656 25
3657 14
3658 10
3659 24
3660 12
3661 17
3662 14
3663 9
3664 25
3665 25
3666 23
3667 6
3668 13
3669 25
3670 25
3671 22
3672 10
3673 2
3674 17
3675 20
3676 10
3677 20
3678 4
3679 11
3680 14
3681 4
3682 4
3683 1
3684 5
3685 5
3686 13
3687 25
3688 5
3689 23
3690 2
3691 7
3692 9
3693 18
3694 9
3695 21
3696 8
3697 1
3698 5
3699 18
3700 15
3701 21
3702 16
3703 9
3704 16
3705 3
3706 12
3707 5
3708 12
3709 17
3710 23
3711 17
3712 9
3713 1
3714 18
3715 9
3716 4
3717 12
3718 1
3719 9
3720 1
3721 13
3722 22
3723 14
3724 13
3725 25
3726 9
3727 3
3728 21
3729 15
3730 1
3731 6
3732 14
3733 17
3734 4
3735 16
3736 18
3737 10
3738 17
3739 18
3740 17
3741 23
3742 11
3743 2
3744 19
3745 5
3746 19
3747 23
3748 19
3749 7
3750 21
3751 23
3752 24
3753 5
3754 19
3755 13
3756 13
3757 13
3758 4
3759 10
3760 24
3761 20
3762 9
3763 19
3764 18
3765 17
3766 24
3767 14
3768 14
3769 10
3770 15
3771 10
3772 19
3773 9
3774 25
3775 10
3776 3
3777 9
3778 7
3779 23
3780 8
3781 8
3782 13
3783 22
3784 17
3785 23
3786 7
3787 6
3788 12
3789 6
3790 11
3791 15
3792 6
3793 20
3794 1
3795 9
3796 14
3797 1
3798 13
3799 15
3800 16
3801 1
3802 15
3803 12
3804 8
3805 15
3806 11
3807 11
3808 21
3809 4
3810 3
3811 15
3812 21
3813 22
3814 3
3815 8
3816 6
3817 18
3818 14
3819 8
3820 4
3821 8
3822 12
3823 19
3824 2
3825 16
3826 7
3827 13
3828 16
3829 17
3830 24
3831 19
3832 17
3833 15
3834 17
3835 4
3836 5
3837 6
3838 5
3839 23
3840 8
3841 15
3842 20
3843 14
3844 11
3845 9
3846 10
3847 24
3848 7
3849 18
3850 7
3851 18
3852 23
3853 11
3854 15
3855 9
3856 24
3857 3
3858 7
3859 3
3860 8
3861 18
3862 18
3863 9
3864 18
3865 25
3866 18
3867 1
3868 18
3869 24
3870 4
3871 24
3872 15
3873 2
3874 4
3875 11
3876 21
3877 5
3878 3
3879 18
3880 22
3881 19
3882 3
3883 4
3884 16
3885 11
3886 22
3887 6
3888 13
3889 15
3890 8
3891 4
3892 3
3893 18
3894 22
3895 23
3896 3
3897 2
3898 11
3899 14
3900 17
3901 1
3902 15
3903 7
3904 16
3905 3
3906 12
3907 4
3908 19
3909 23
3910 1
3911 22
3912 17
3913 12
3914 23
3915 24
3916 7
3917 9
3918 12
3919 23
3920 6
3921 5
3922 24
3923 2
3924 2
3925 4
3926 10
3927 15
3928 17
3929 8
3930 13
3931 19
3932 15
3933 18
3934 10
3935 18
3936 17
3937 15
3938 1
3939 7
3940 4
3941 15
3942 15
3943 20
3944 19
3945 2
3946 13
3947 19
3948 3
3949 11
3950 14
3951 23
3952 20
3953 1
3954 17
3955 4
3956 22
3957 14
3958 12
3959 21
3960 5
3961 21
3962 23
3963 20
3964 11
3965 22
3966 8
3967 20
3968 24
3969 25
3970 18
3971 16
3972 3
3973 19
3974 15
3975 5
3976 22
3977 25
3978 9
3979 22
3980 25
3981 18
3982 13
3983 3
3984 3
3985 17
3986 18
3987 4
3988 3
3989 16
3990 9
3991 4
3992 3
3993 17
3994 3
3995 1
3996 3
3997 7
3998 17
3999 7
4000 13
4001 3
4002 6
4003 24
4004 4
4005 7
4006 17
4007 11
4008 12
4009 2
4010 8
4011 4
4012 7
4013 3
4014 2
4015 10
4016 20
4017 19
4018 18
4019 6
4020 1
4021 22
4022 11
4023 3
4024 16
4025 18
4026 19
4027 14
4028 23
4029 15
4030 3
4031 11
4032 1
4033 11
4034 22
4035 5
4036 7
4037 18
4038 18
4039 14
4040 20
4041 15
4042 8
4043 24
4044 21
4045 12
4046 18
4047 3
4048 25
4049 25
4050 3
4051 15
4052 21
4053 5
4054 17
4055 23
4056 2
4057 9
4058 4
4059 9
4060 8
4061 3
4062 16
4063 4
4064 9
4065 1
4066 7
4067 7
4068 22
4069 2
4070 11
4071 1
4072 4
4073 15
4074 5
4075 12
4076 17
4077 12
4078 3
4079 23
4080 9
4081 4
4082 7
4083 21
4084 21
4085 22
4086 6
4087 18
4088 8
4089 11
4090 3
4091 17
4092 9
4093 20
4094 4
4095 18
4096 2
4097 25
4098 12
4099 21
4100 6
4101 10
4102 18
4103 18
4104 8
4105 15
4106 10
4107 2
4108 7
4109 3
4110 22
4111 12
4112 25
4113 4
4114 9
4115 16
4116 11
4117 23
4118 21
4119 22
4120 3
4121 17
4122 14
4123 7
4124 11
4125 7
4126 14
4127 14
4128 10
4129 18
4130 10
4131 4
4132 13
4133 17
4134 10
4135 3
4136 5
4137 3
4138 9
4139 10
4140 2
4141 3
4142 14
4143 19
4144 25
4145 21
4146 13
4147 9
4148 24
4149 9
4150 16
4151 3
4152 5
4153 9
4154 16
4155 8
4156 25
4157 3
4158 23
4159 6
4160 14
4161 8
4162 9
4163 18
4164 9
4165 3
4166 10
4167 24
4168 11
4169 2
4170 4
4171 2
4172 11
4173 8
4174 19
4175 11
4176 23
4177 24
4178 9
4179 1
4180 17
4181 2
4182 11
4183 20
4184 11
4185 6
4186 5
4187 20
4188 15
4189 18
4190 12
4191 13
4192 24
4193 24
4194 20
4195 22
4196 7
4197 20
4198 21
4199 17
4200 16
4201 13
4202 8
4203 1
4204 13
4205 5
4206 23
4207 7
4208 25
4209 5
4210 22
4211 24
4212 11
4213 7
4214 22
4215 23
4216 9
4217 23
4218 10
4219 19
4220 10
4221 7
4222 8
4223 6
4224 13
4225 21
4226 8
4227 2
4228 6
4229 23
4230 24
4231 16
4232 12
4233 21
4234 15
4235 5
4236 6
4237 22
4238 16
4239 6
4240 19
4241 10
4242 20
4243 24
4244 17
4245 12
4246 1
4247 25
4248 25
4249 6
4250 12
4251 25
4252 14
4253 13
4254 2
4255 9
4256 14
4257 7
4258 8
4259 8
4260 2
4261 25
4262 24
4263 16
4264 17
4265 16
4266 19
4267 13
4268 14
4269 17
4270 15
4271 22
4272 8
4273 6
4274 2
4275 24
4276 5
4277 10
4278 20
4279 15
4280 2
4281 5
4282 18
4283 10
4284 3
4285 2
4286 21
4287 18
4288 1
4289 20
4290 6
4291 12
4292 5
4293 22
4294 14
4295 23
4296 16
4297 7
4298 25
4299 19
4300 18
4301 8
4302 23
4303 21
4304 7
4305 7
4306 1
4307 18
4308 6
4309 22
4310 1
4311 14
4312 10
4313 21
4314 7
4315 13
4316 14
4317 9
4318 17
4319 5
4320 24
4321 23
4322 20
4323 19
4324 9
4325 7
4326 7
4327 23
4328 12
4329 16
4330 17
4331 4
4332 11
4333 17
4334 23
4335 8
4336 14
4337 2
4338 24
4339 14
4340 22
4341 10
4342 14
4343 15
4344 4
4345 25
4346 2
4347 10
4348 23
4349 22
4350 8
4351 20
4352 9
4353 8
4354 22
4355 11
4356 23
4357 3
4358 10
4359 23
4360 23
4361 8
4362 16
4363 7
4364 16
4365 17
4366 8
4367 25
4368 18
4369 11
4370 4
4371 1
4372 6
4373 18
4374 5
4375 13
4376 7
4377 23
4378 11
4379 20
4380 18
4381 3
4382 6
4383 3
4384 9
4385 2
4386 21
4387 9
4388 23
4389 25
4390 14
4391 2
4392 19
4393 14
4394 15
4395 2
4396 7
4397 10
4398 7
4399 12
4400 7
4401 9
4402 18
4403 21
4404 14
4405 18
4406 23
4407 9
4408 24
4409 9
4410 6
4411 11
4412 2
4413 14
4414 1
4415 17
4416 25
4417 19
4418 1
4419 9
4420 16
4421 14
4422 25
4423 14
4424 12
4425 12
4426 2
4427 14
4428 17
4429 8
4430 24
4431 7
4432 1
4433 17
4434 20
4435 20
4436 12
4437 2
4438 20
4439 12
4440 9
4441 21
4442 9
4443 21
4444 5
4445 20
4446 10
4447 22
4448 20
4449 10
4450 24
4451 11
4452 5
4453 17
4454 18
4455 17
4456 3
4457 15
4458 20
4459 10
4460 18
4461 3
4462 3
4463 25
4464 11
4465 18
4466 8
4467 7
4468 15
4469 17
4470 17
4471 20
4472 25
4473 24
4474 18
4475 18
4476 12
4477 15
4478 14
4479 7
4480 20
4481 20
4482 13
4483 20
4484 16
4485 2
4486 18
4487 13
4488 13
4489 5
4490 19
4491 7
4492 6
4493 19
4494 15
4495 13
4496 13
4497 4
4498 7
4499 7
4500 11
4501 4
4502 2
4503 8
4504 8
4505 14
4506 10
4507 10
4508 11
4509 23
4510 1
4511 19
4512 11
4513 17
4514 14
4515 19
4516 23
4517 16
4518 22
4519 19
4520 4
4521 13
4522 1
4523 16
4524 4
4525 8
4526 18
4527 1
4528 12
4529 17
4530 18
4531 22
4532 4
4533 15
4534 23
4535 6
4536 16
4537 15
4538 22
4539 5
4540 10
4541 12
4542 20
4543 17
4544 10
4545 16
4546 15
4547 11
4548 10
4549 13
4550 21
4551 22
4552 2
4553 8
4554 11
4555 4
4556 16
4557 20
4558 21
4559 17
4560 7
4561 15
4562 17
4563 18
4564 23
4565 23
4566 5
4567 4
4568 25
4569 13
4570 24
4571 21
4572 1
4573 2
4574 7
4575 10
4576 4
4577 24
4578 4
4579 20
4580 20
4581 2
4582 7
4583 13
4584 1
4585 15
4586 17
4587 8
4588 11
4589 7
4590 17
4591 7
4592 20
4593 19
4594 8
4595 5
4596 15
4597 20
4598 22
4599 23
4600 18
4601 1
4602 3
4603 20
4604 14
4605 11
4606 21
4607 23
4608 22
4609 6
4610 11
4611 16
4612 24
4613 2
4614 5
4615 13
4616 16
4617 1
4618 16
4619 5
4620 2
4621 15
4622 14
4623 24
4624 1
4625 13
4626 22
4627 22
4628 20
4629 1
4630 4
4631 16
4632 25
4633 20
4634 10
4635 15
4636 4
4637 24
4638 3
4639 9
4640 25
4641 6
4642 11
4643 11
4644 13
4645 15